5
1000
75
1 61 2
1 76 1
1 89 1
1 211 1
1 296 1
1 335 1
1 404 1
1 441 1
1 454 2
1 463 1
1 555 1
1 593 1
1 779 1
1 841 2
1 913 1
1 983 1
2 232 2
2 463 1
2 689 1
2 707 1
2 714 2
2 841 1
2 873 1
2 879 1
3 21 1
3 40 2
3 88 1
3 116 1
3 225 1
3 264 1
3 391 1
3 434 1
3 445 1
3 463 1
3 510 1
3 691 1
3 735 1
3 737 1
3 738 1
3 744 1
3 841 2
3 848 1
3 866 1
3 869 1
3 938 1
3 987 1
3 989 1
3 990 1
3 992 1
4 48 1
4 49 1
4 108 1
4 168 1
4 287 1
4 441 2
4 463 1
4 879 5
4 954 1
5 95 1
5 103 1
5 168 1
5 238 1
5 253 1
5 334 1
5 441 3
5 443 1
5 463 1
5 502 1
5 841 9
5 846 1
5 847 3
5 857 1
5 879 1
5 883 1
5 893 1
5 931 4